1.345485e-07	8.570531e-08	6.722175e-08	5.507404e-08	3.993419e-08	2.838263e-08	1.766096e-08	9.842198e-09	5.018769e-09	1.448077e-09	3.988567e-10
1.393992e-07	9.128628e-08	7.379026e-08	5.885820e-08	4.410601e-08	2.915386e-08	1.852995e-08	1.053095e-08	5.260678e-09	1.857065e-09	7.120410e-10
1.447805e-07	1.002730e-07	7.848572e-08	6.180306e-08	4.628835e-08	3.110282e-08	2.051997e-08	1.132049e-08	5.616698e-09	2.170427e-09	6.578291e-10
1.515890e-07	1.054588e-07	8.484556e-08	6.648483e-08	4.898294e-08	3.451728e-08	2.225688e-08	1.283345e-08	5.873183e-09	2.007970e-09	5.703793e-10
1.578827e-07	1.121084e-07	9.181649e-08	7.219324e-08	5.128312e-08	3.516746e-08	2.317795e-08	1.231088e-08	6.561939e-09	2.557020e-09	6.340115e-10
1.609085e-07	1.209753e-07	9.883968e-08	7.597260e-08	5.529924e-08	3.886738e-08	2.385390e-08	1.398416e-08	6.246800e-09	2.536579e-09	6.187256e-10
1.697738e-07	1.240313e-07	1.044345e-07	7.869635e-08	5.764243e-08	4.101381e-08	2.652113e-08	1.536451e-08	7.005943e-09	2.471880e-09	8.128216e-10
1.801202e-07	1.317054e-07	1.110275e-07	8.479917e-08	6.090314e-08	4.238083e-08	2.763433e-08	1.645639e-08	7.510379e-09	2.890111e-09	8.673889e-10
1.841269e-07	1.388935e-07	1.153800e-07	9.127988e-08	6.540699e-08	4.502904e-08	2.902802e-08	1.684903e-08	7.774151e-09	3.001557e-09	7.785171e-10
1.952402e-07	1.460007e-07	1.216269e-07	9.710881e-08	6.980152e-08	4.942570e-08	3.056231e-08	1.675038e-08	8.724368e-09	3.105892e-09	9.882546e-10
2.021844e-07	1.501518e-07	1.341422e-07	1.055600e-07	7.393495e-08	5.175184e-08	3.283156e-08	1.920218e-08	9.925559e-09	3.278126e-09	1.045132e-09
2.103807e-07	1.645783e-07	1.482199e-07	1.159674e-07	8.430451e-08	5.725086e-08	3.584023e-08	2.098441e-08	9.659122e-09	3.940043e-09	8.034012e-10
2.134498e-07	1.777861e-07	1.689867e-07	1.312100e-07	9.733828e-08	6.786340e-08	4.267411e-08	2.343994e-08	1.193797e-08	4.456566e-09	1.236029e-09
2.132833e-07	1.857211e-07	1.884742e-07	1.585146e-07	1.152148e-07	7.868088e-08	5.020387e-08	2.955485e-08	1.417416e-08	4.246473e-09	1.323657e-09
2.092809e-07	1.954716e-07	2.114806e-07	1.803021e-07	1.367943e-07	9.622079e-08	6.244809e-08	3.340798e-08	1.692635e-08	6.245200e-09	1.816362e-09
2.007133e-07	2.003082e-07	2.177663e-07	2.009144e-07	1.567820e-07	1.095974e-07	7.069788e-08	4.092813e-08	1.772548e-08	7.201816e-09	2.289871e-09
1.887308e-07	2.039294e-07	2.329888e-07	2.187133e-07	1.725368e-07	1.263794e-07	7.878077e-08	4.504699e-08	2.182034e-08	8.540403e-09	2.039608e-09
1.771441e-07	2.070246e-07	2.367245e-07	2.338162e-07	1.954670e-07	1.403206e-07	9.164319e-08	5.059810e-08	2.422806e-08	9.868326e-09	2.367190e-09
1.648083e-07	2.021233e-07	2.513880e-07	2.482913e-07	2.170365e-07	1.603491e-07	1.047500e-07	6.043088e-08	2.796974e-08	1.075882e-08	3.196364e-09
1.520849e-07	2.001313e-07	2.472757e-07	2.624449e-07	2.298065e-07	1.754193e-07	1.171371e-07	6.671251e-08	3.088135e-08	1.186119e-08	3.658142e-09
1.414254e-07	1.961212e-07	2.457519e-07	2.673390e-07	2.401066e-07	1.895817e-07	1.251118e-07	7.385106e-08	3.541168e-08	1.294347e-08	3.701689e-09
1.287783e-07	1.901553e-07	2.464440e-07	2.648496e-07	2.457830e-07	1.999573e-07	1.380208e-07	7.863644e-08	3.786348e-08	1.467042e-08	3.761766e-09
1.205420e-07	1.831083e-07	2.443644e-07	2.700493e-07	2.568477e-07	2.084815e-07	1.449547e-07	8.239501e-08	4.037464e-08	1.497455e-08	4.018072e-09
1.142085e-07	1.731312e-07	2.355558e-07	2.661599e-07	2.585875e-07	2.116683e-07	1.489262e-07	8.700337e-08	4.246580e-08	1.696776e-08	4.796056e-09
1.025936e-07	1.677095e-07	2.399422e-07	2.716806e-07	2.767776e-07	2.247627e-07	1.602188e-07	9.677092e-08	4.828405e-08	1.786359e-08	5.076003e-09
1.000638e-07	1.661659e-07	2.316899e-07	2.702718e-07	2.710638e-07	2.318589e-07	1.671935e-07	9.984322e-08	4.723963e-08	1.753174e-08	4.644619e-09
9.224219e-08	1.577894e-07	2.235229e-07	2.681988e-07	2.730213e-07	2.309825e-07	1.670195e-07	1.048367e-07	5.025737e-08	2.014084e-08	5.242904e-09
8.743333e-08	1.486601e-07	2.166286e-07	2.602016e-07	2.680966e-07	2.342794e-07	1.744639e-07	1.066686e-07	5.457245e-08	2.007241e-08	5.529782e-09
8.192346e-08	1.442637e-07	2.084430e-07	2.544809e-07	2.648675e-07	2.383563e-07	1.745144e-07	1.091207e-07	5.418532e-08	2.184789e-08	5.722634e-09
7.705275e-08	1.328383e-07	1.983315e-07	2.461916e-07	2.597389e-07	2.350210e-07	1.813282e-07	1.119493e-07	5.558043e-08	2.242751e-08	5.952456e-09
7.493760e-08	1.267799e-07	1.953298e-07	2.422139e-07	2.578100e-07	2.356523e-07	1.824172e-07	1.137895e-07	5.996341e-08	2.218951e-08	6.220493e-09
6.840410e-08	1.239684e-07	1.876271e-07	2.315418e-07	2.509935e-07	2.346122e-07	1.844087e-07	1.163120e-07	5.963565e-08	2.466922e-08	5.732587e-09
6.701628e-08	1.152230e-07	1.808287e-07	2.247076e-07	2.498942e-07	2.343866e-07	1.835754e-07	1.190164e-07	6.133239e-08	2.487362e-08	6.380818e-09
6.517699e-08	1.126532e-07	1.713088e-07	2.201820e-07	2.417742e-07	2.272699e-07	1.810603e-07	1.211017e-07	6.500742e-08	2.572270e-08	7.330858e-09
6.209562e-08	1.079430e-07	1.620782e-07	2.100473e-07	2.362623e-07	2.252404e-07	1.824561e-07	1.231639e-07	6.590094e-08	2.630481e-08	7.146715e-09
5.859176e-08	1.001257e-07	1.561895e-07	2.049851e-07	2.356369e-07	2.218558e-07	1.861203e-07	1.236742e-07	6.764460e-08	2.698753e-08	7.217280e-09
5.411760e-08	9.765625e-08	1.497051e-07	2.004480e-07	2.269731e-07	2.272971e-07	1.875808e-07	1.269406e-07	6.745139e-08	2.732239e-08	7.630534e-09
5.362009e-08	9.386730e-08	1.435351e-07	1.946536e-07	2.222721e-07	2.206477e-07	1.838024e-07	1.263770e-07	6.902887e-08	2.783732e-08	7.939807e-09
4.978297e-08	8.831316e-08	1.414823e-07	1.885650e-07	2.178987e-07	2.207894e-07	1.858247e-07	1.275254e-07	7.084346e-08	2.876158e-08	7.997219e-09
4.903324e-08	8.670174e-08	1.332635e-07	1.813276e-07	2.116001e-07	2.123226e-07	1.856699e-07	1.300676e-07	7.482118e-08	3.003867e-08	8.126616e-09
4.650591e-08	8.226721e-08	1.317505e-07	1.768101e-07	2.106312e-07	2.165088e-07	1.854826e-07	1.330971e-07	7.486739e-08	3.169791e-08	8.538626e-09
4.398604e-08	7.915350e-08	1.252755e-07	1.695434e-07	2.020815e-07	2.080859e-07	1.849101e-07	1.368470e-07	7.708759e-08	3.216271e-08	9.063148e-09
4.138742e-08	7.685421e-08	1.226491e-07	1.638577e-07	1.987090e-07	2.084503e-07	1.844536e-07	1.382273e-07	8.004364e-08	3.545008e-08	9.696448e-09
4.242669e-08	7.320958e-08	1.153190e-07	1.611290e-07	1.982936e-07	2.052569e-07	1.857234e-07	1.430353e-07	8.235893e-08	3.707821e-08	1.016996e-08
3.822821e-08	7.054165e-08	1.144500e-07	1.569204e-07	1.933941e-07	2.054224e-07	1.867535e-07	1.467976e-07	8.748150e-08	4.075803e-08	1.243530e-08
3.663314e-08	6.708382e-08	1.064155e-07	1.463193e-07	1.873194e-07	2.034741e-07	1.969159e-07	1.567121e-07	9.631625e-08	4.559675e-08	1.322306e-08
3.532530e-08	6.265196e-08	1.009468e-07	1.412369e-07	1.868039e-07	2.064190e-07	2.000302e-07	1.653341e-07	1.065162e-07	5.288513e-08	1.512492e-08
3.426293e-08	5.896911e-08	9.627998e-08	1.354989e-07	1.760533e-07	1.980489e-07	2.001623e-07	1.730089e-07	1.193925e-07	6.357925e-08	2.117282e-08
2.925784e-08	5.519686e-08	8.961994e-08	1.272593e-07	1.667404e-07	1.933127e-07	2.003720e-07	1.802011e-07	1.346475e-07	7.675450e-08	2.911565e-08
2.581851e-08	4.799540e-08	8.019579e-08	1.120121e-07	1.507538e-07	1.819362e-07	1.889800e-07	1.810157e-07	1.456561e-07	9.156801e-08	4.034176e-08
2.272915e-08	4.070969e-08	6.752871e-08	9.986188e-08	1.329073e-07	1.627602e-07	1.813339e-07	1.769742e-07	1.525973e-07	1.062734e-07	5.428646e-08
1.883691e-08	3.377378e-08	5.359646e-08	8.241279e-08	1.145405e-07	1.375273e-07	1.611107e-07	1.658439e-07	1.487645e-07	1.143293e-07	6.517059e-08
1.375700e-08	2.600869e-08	4.382145e-08	6.498325e-08	8.838888e-08	1.092857e-07	1.296803e-07	1.393267e-07	1.335955e-07	1.133183e-07	7.007507e-08
1.067048e-08	1.885771e-08	3.287955e-08	4.735250e-08	6.689150e-08	8.513013e-08	9.994222e-08	1.117407e-07	1.095406e-07	9.711094e-08	6.395411e-08
8.123595e-09	1.480355e-08	2.310720e-08	3.623659e-08	5.085423e-08	6.411515e-08	7.493760e-08	8.454304e-08	8.742551e-08	7.651702e-08	5.417199e-08
5.025701e-09	9.644902e-09	1.392977e-08	2.188308e-08	3.064833e-08	3.845217e-08	4.634310e-08	5.375891e-08	6.006721e-08	5.696452e-08	4.240074e-08
4.327168e-09	7.534730e-09	1.221152e-08	1.547578e-08	2.403005e-08	2.950135e-08	3.365309e-08	3.894896e-08	4.210089e-08	4.174878e-08	3.128946e-08
3.019331e-09	5.852209e-09	9.499152e-09	1.176538e-08	1.660392e-08	2.000362e-08	2.403200e-08	2.774169e-08	2.929677e-08	2.844805e-08	2.312569e-08
2.614253e-09	4.874085e-09	6.657032e-09	7.671948e-09	1.089746e-08	1.301634e-08	1.577937e-08	1.750632e-08	1.926812e-08	1.945777e-08	1.639632e-08
2.759292e-09	3.347623e-09	6.003291e-09	7.507713e-09	9.398193e-09	1.112195e-08	1.342480e-08	1.469069e-08	1.448717e-08	1.573884e-08	1.390222e-08
1.838225e-09	3.725151e-09	3.984657e-09	6.372820e-09	7.308462e-09	8.260279e-09	1.281158e-08	1.307660e-08	1.379362e-08	1.410467e-08	1.202898e-08
2.529292e-09	2.913751e-09	3.264261e-09	4.852223e-09	6.905695e-09	7.723138e-09	9.480489e-09	1.165056e-08	1.113902e-08	1.148828e-08	1.167882e-08
1.835203e-09	2.149987e-09	3.376240e-09	4.043667e-09	6.200764e-09	6.931290e-09	8.237528e-09	9.858728e-09	1.150090e-08	1.017049e-08	1.154391e-08
2.575327e-09	2.245791e-09	3.543497e-09	4.985353e-09	6.197387e-09	7.363563e-09	8.584661e-09	1.096447e-08	1.115874e-08	1.273977e-08	1.266672e-08
2.777955e-09	3.830908e-09	4.924565e-09	6.224582e-09	6.688137e-09	9.252621e-09	9.802383e-09	1.216957e-08	1.301528e-08	1.362529e-08	1.207999e-08
2.908419e-09	3.874989e-09	6.107626e-09	8.288363e-09	8.721524e-09	9.128557e-09	1.140545e-08	1.236669e-08	1.433484e-08	1.540859e-08	1.551631e-08
5.218020e-09	6.532967e-09	6.212673e-09	9.425389e-09	1.078868e-08	1.159510e-08	1.394345e-08	1.547098e-08	1.684778e-08	1.617716e-08	1.706303e-08
4.591651e-09	5.322711e-09	7.347743e-09	9.310744e-09	1.009353e-08	1.182280e-08	1.435937e-08	1.753281e-08	2.075441e-08	1.977504e-08	1.914246e-08
5.615098e-09	5.417448e-09	7.430750e-09	8.954191e-09	1.110933e-08	1.287361e-08	1.533892e-08	1.598644e-08	1.822743e-08	1.979211e-08	2.043643e-08
5.390431e-09	6.280749e-09	6.559451e-09	8.601547e-09	1.210914e-08	1.420438e-08	1.522036e-08	1.671750e-08	2.068082e-08	2.316408e-08	2.288893e-08
