1.232418e-04	7.850307e-05	6.157277e-05	5.044590e-05	3.657833e-05	2.599750e-05	1.617682e-05	9.015110e-06	4.597017e-06	1.326388e-06	3.653388e-07
1.276848e-04	8.361505e-05	6.758931e-05	5.391206e-05	4.039957e-05	2.670392e-05	1.697279e-05	9.645986e-06	4.818597e-06	1.701007e-06	6.522047e-07
1.326139e-04	9.184657e-05	7.189018e-05	5.660944e-05	4.239851e-05	2.848910e-05	1.879557e-05	1.036917e-05	5.144700e-06	1.988036e-06	6.025485e-07
1.388502e-04	9.659662e-05	7.771557e-05	6.089778e-05	4.486666e-05	3.161662e-05	2.038652e-05	1.175499e-05	5.379630e-06	1.839230e-06	5.224475e-07
1.446151e-04	1.026874e-04	8.410070e-05	6.612649e-05	4.697355e-05	3.221217e-05	2.123019e-05	1.127634e-05	6.010507e-06	2.342141e-06	5.807324e-07
1.473865e-04	1.108092e-04	9.053369e-05	6.958825e-05	5.065217e-05	3.560116e-05	2.184934e-05	1.280900e-05	5.721851e-06	2.323418e-06	5.667310e-07
1.555069e-04	1.136083e-04	9.565837e-05	7.208311e-05	5.279846e-05	3.756722e-05	2.429243e-05	1.407336e-05	6.417199e-06	2.264156e-06	7.445162e-07
1.649838e-04	1.206375e-04	1.016974e-04	7.767308e-05	5.578515e-05	3.881936e-05	2.531208e-05	1.507348e-05	6.879245e-06	2.647241e-06	7.944979e-07
1.686538e-04	1.272216e-04	1.056840e-04	8.360919e-05	5.991052e-05	4.124503e-05	2.658866e-05	1.543312e-05	7.120851e-06	2.749321e-06	7.130945e-07
1.788332e-04	1.337316e-04	1.114060e-04	8.894828e-05	6.393575e-05	4.527222e-05	2.799401e-05	1.534276e-05	7.991217e-06	2.844889e-06	9.052067e-07
1.851939e-04	1.375338e-04	1.228696e-04	9.668926e-05	6.772183e-05	4.740287e-05	3.007256e-05	1.758852e-05	9.091465e-06	3.002649e-06	9.573048e-07
1.927014e-04	1.507480e-04	1.357642e-04	1.062221e-04	7.721999e-05	5.243979e-05	3.282839e-05	1.922099e-05	8.847418e-06	3.608942e-06	7.358874e-07
1.955126e-04	1.628459e-04	1.547859e-04	1.201838e-04	8.915846e-05	6.216051e-05	3.908800e-05	2.147017e-05	1.093477e-05	4.082059e-06	1.132160e-06
1.953600e-04	1.701141e-04	1.726358e-04	1.451938e-04	1.055328e-04	7.206894e-05	4.598499e-05	2.707121e-05	1.298304e-05	3.889621e-06	1.212423e-06
1.916940e-04	1.790452e-04	1.937088e-04	1.651504e-04	1.252988e-04	8.813489e-05	5.720027e-05	3.060054e-05	1.550394e-05	5.720385e-06	1.663724e-06
1.838463e-04	1.834753e-04	1.994664e-04	1.840306e-04	1.436068e-04	1.003874e-04	6.475679e-05	3.748874e-05	1.623592e-05	6.596612e-06	2.097442e-06
1.728709e-04	1.867922e-04	2.134096e-04	2.003338e-04	1.580377e-04	1.157592e-04	7.216044e-05	4.126147e-05	1.998667e-05	7.822711e-06	1.868210e-06
1.622578e-04	1.896273e-04	2.168313e-04	2.141675e-04	1.790409e-04	1.285288e-04	8.394196e-05	4.634609e-05	2.219205e-05	9.039042e-06	2.168263e-06
1.509587e-04	1.851379e-04	2.302626e-04	2.274262e-04	1.987979e-04	1.468742e-04	9.594735e-05	5.535257e-05	2.561930e-05	9.854704e-06	2.927757e-06
1.393045e-04	1.833133e-04	2.264959e-04	2.403903e-04	2.104947e-04	1.606779e-04	1.072935e-04	6.110633e-05	2.828624e-05	1.086443e-05	3.350730e-06
1.295408e-04	1.796402e-04	2.251002e-04	2.448732e-04	2.199292e-04	1.736502e-04	1.145980e-04	6.764499e-05	3.243587e-05	1.185576e-05	3.390618e-06
1.179564e-04	1.741756e-04	2.257341e-04	2.425929e-04	2.251286e-04	1.831539e-04	1.264222e-04	7.202823e-05	3.468163e-05	1.343760e-05	3.445646e-06
1.104123e-04	1.677208e-04	2.238293e-04	2.473557e-04	2.352635e-04	1.909618e-04	1.327735e-04	7.547095e-05	3.698176e-05	1.371616e-05	3.680414e-06
1.046110e-04	1.585821e-04	2.157609e-04	2.437932e-04	2.368571e-04	1.938808e-04	1.364112e-04	7.969205e-05	3.889719e-05	1.554188e-05	4.393020e-06
9.397217e-05	1.536160e-04	2.197786e-04	2.488499e-04	2.535186e-04	2.058748e-04	1.467548e-04	8.863878e-05	4.422651e-05	1.636242e-05	4.649441e-06
9.165494e-05	1.522022e-04	2.122198e-04	2.475595e-04	2.482850e-04	2.123747e-04	1.531434e-04	9.145290e-05	4.326985e-05	1.605846e-05	4.254309e-06
8.449062e-05	1.445296e-04	2.047392e-04	2.456607e-04	2.500780e-04	2.115719e-04	1.529840e-04	9.602679e-05	4.603399e-05	1.844831e-05	4.802317e-06
8.008588e-05	1.361675e-04	1.984242e-04	2.383355e-04	2.455671e-04	2.145918e-04	1.598028e-04	9.770468e-05	4.998646e-05	1.838563e-05	5.065087e-06
7.503903e-05	1.321405e-04	1.909265e-04	2.330956e-04	2.426094e-04	2.183261e-04	1.598491e-04	9.995076e-05	4.963186e-05	2.001191e-05	5.241733e-06
7.057763e-05	1.216752e-04	1.816647e-04	2.255029e-04	2.379117e-04	2.152710e-04	1.660903e-04	1.025417e-04	5.090973e-05	2.054282e-05	5.452242e-06
6.864022e-05	1.161260e-04	1.789152e-04	2.218595e-04	2.361450e-04	2.158493e-04	1.670878e-04	1.042272e-04	5.492439e-05	2.032482e-05	5.697755e-06
6.265577e-05	1.135507e-04	1.718598e-04	2.120842e-04	2.299013e-04	2.148966e-04	1.689119e-04	1.065378e-04	5.462417e-05	2.259614e-05	5.250850e-06
6.138457e-05	1.055403e-04	1.656328e-04	2.058243e-04	2.288944e-04	2.146900e-04	1.681486e-04	1.090149e-04	5.617833e-05	2.278337e-05	5.844607e-06
5.969984e-05	1.031864e-04	1.569128e-04	2.016791e-04	2.214567e-04	2.081713e-04	1.658449e-04	1.109249e-04	5.954453e-05	2.356110e-05	6.714810e-06
5.687742e-05	9.887201e-05	1.484580e-04	1.923960e-04	2.164081e-04	2.063124e-04	1.671235e-04	1.128138e-04	6.036296e-05	2.409429e-05	6.546142e-06
5.366801e-05	9.171160e-05	1.430642e-04	1.877592e-04	2.158351e-04	2.032122e-04	1.704797e-04	1.132812e-04	6.196009e-05	2.471963e-05	6.610776e-06
4.956983e-05	8.944972e-05	1.371246e-04	1.836034e-04	2.078994e-04	2.081962e-04	1.718175e-04	1.162731e-04	6.178312e-05	2.502636e-05	6.989302e-06
4.911413e-05	8.597917e-05	1.314731e-04	1.782959e-04	2.035935e-04	2.021056e-04	1.683566e-04	1.157569e-04	6.322803e-05	2.549801e-05	7.272586e-06
4.559946e-05	8.089177e-05	1.295929e-04	1.727190e-04	1.995876e-04	2.022354e-04	1.702090e-04	1.168088e-04	6.489013e-05	2.634461e-05	7.325173e-06
4.491274e-05	7.941577e-05	1.220647e-04	1.660898e-04	1.938183e-04	1.944801e-04	1.700672e-04	1.191374e-04	6.853359e-05	2.751438e-05	7.443697e-06
4.259779e-05	7.535390e-05	1.206789e-04	1.619519e-04	1.929308e-04	1.983145e-04	1.698956e-04	1.219123e-04	6.857592e-05	2.903418e-05	7.821083e-06
4.028967e-05	7.250184e-05	1.147480e-04	1.552959e-04	1.850996e-04	1.905994e-04	1.693712e-04	1.253470e-04	7.060954e-05	2.945992e-05	8.301527e-06
3.790944e-05	7.039577e-05	1.123423e-04	1.500880e-04	1.820105e-04	1.909332e-04	1.689531e-04	1.266114e-04	7.331718e-05	3.247103e-05	8.881608e-06
3.886137e-05	6.705742e-05	1.056282e-04	1.475886e-04	1.816300e-04	1.880082e-04	1.701162e-04	1.310153e-04	7.543790e-05	3.396234e-05	9.315325e-06
3.501570e-05	6.461369e-05	1.048322e-04	1.437336e-04	1.771423e-04	1.881597e-04	1.710596e-04	1.344615e-04	8.013000e-05	3.733294e-05	1.139030e-05
3.355467e-05	6.144644e-05	9.747284e-05	1.340233e-04	1.715780e-04	1.863752e-04	1.803681e-04	1.435428e-04	8.822232e-05	4.176503e-05	1.211186e-05
3.235674e-05	5.738701e-05	9.246377e-05	1.293680e-04	1.711059e-04	1.890726e-04	1.832207e-04	1.514402e-04	9.756515e-05	4.844093e-05	1.385389e-05
3.138364e-05	5.401365e-05	8.818910e-05	1.241123e-04	1.612587e-04	1.814059e-04	1.833416e-04	1.584701e-04	1.093594e-04	5.823637e-05	1.939356e-05
2.679916e-05	5.055840e-05	8.208873e-05	1.165651e-04	1.527284e-04	1.770677e-04	1.835337e-04	1.650579e-04	1.233324e-04	7.030444e-05	2.666892e-05
2.364885e-05	4.396211e-05	7.345654e-05	1.025991e-04	1.380852e-04	1.666472e-04	1.730991e-04	1.658041e-04	1.334159e-04	8.387310e-05	3.695164e-05
2.081910e-05	3.728865e-05	6.185394e-05	9.147000e-05	1.217384e-04	1.490826e-04	1.660955e-04	1.621022e-04	1.397738e-04	9.734277e-05	4.972450e-05
1.725396e-05	3.093560e-05	4.909248e-05	7.548724e-05	1.049151e-04	1.259702e-04	1.475718e-04	1.519072e-04	1.362631e-04	1.047217e-04	5.969398e-05
1.260093e-05	2.382305e-05	4.013891e-05	5.952238e-05	8.096113e-05	1.001019e-04	1.187826e-04	1.276184e-04	1.223688e-04	1.037956e-04	6.418631e-05
9.773790e-06	1.727300e-05	3.011652e-05	4.337324e-05	6.127028e-05	7.797623e-05	9.154358e-05	1.023505e-04	1.003353e-04	8.895023e-05	5.857973e-05
7.440929e-06	1.355954e-05	2.116539e-05	3.319145e-05	4.658070e-05	5.872724e-05	6.864022e-05	7.743848e-05	8.007871e-05	7.008692e-05	4.961965e-05
4.603367e-06	8.834394e-06	1.275918e-05	2.004414e-05	2.807280e-05	3.522084e-05	4.244866e-05	4.924129e-05	5.501947e-05	5.217751e-05	3.883760e-05
3.963535e-06	6.901549e-06	1.118533e-05	1.417528e-05	2.201069e-05	2.702221e-05	3.082505e-05	3.567589e-05	3.856294e-05	3.824042e-05	2.866005e-05
2.765602e-06	5.360419e-06	8.700891e-06	1.077668e-05	1.520861e-05	1.832262e-05	2.201248e-05	2.541042e-05	2.683482e-05	2.605742e-05	2.118232e-05
2.394565e-06	4.464492e-06	6.097609e-06	7.027236e-06	9.981694e-06	1.192252e-05	1.445335e-05	1.603518e-05	1.764892e-05	1.782264e-05	1.501845e-05
2.527415e-06	3.066306e-06	5.498805e-06	6.876803e-06	8.608417e-06	1.018732e-05	1.229665e-05	1.345616e-05	1.326974e-05	1.441623e-05	1.273395e-05
1.683749e-06	3.412108e-06	3.649806e-06	5.837280e-06	6.694296e-06	7.566127e-06	1.173496e-05	1.197771e-05	1.263447e-05	1.291938e-05	1.101812e-05
2.316743e-06	2.668894e-06	2.989950e-06	4.444467e-06	6.325376e-06	7.074125e-06	8.683797e-06	1.067151e-05	1.020295e-05	1.052286e-05	1.069739e-05
1.680982e-06	1.969313e-06	3.092518e-06	3.703858e-06	5.679683e-06	6.348820e-06	7.545288e-06	9.030251e-06	1.053442e-05	9.315814e-06	1.057382e-05
2.358910e-06	2.057066e-06	3.245719e-06	4.566409e-06	5.676590e-06	6.744766e-06	7.863250e-06	1.004307e-05	1.022102e-05	1.166919e-05	1.160228e-05
2.544510e-06	3.508978e-06	4.510729e-06	5.701499e-06	6.126100e-06	8.475078e-06	8.978641e-06	1.114690e-05	1.192154e-05	1.248029e-05	1.106485e-05
2.664010e-06	3.549354e-06	5.594373e-06	7.591851e-06	7.988612e-06	8.361440e-06	1.044700e-05	1.132746e-05	1.313022e-05	1.411373e-05	1.421240e-05
4.779524e-06	5.983970e-06	5.690591e-06	8.633327e-06	9.882057e-06	1.062071e-05	1.277172e-05	1.417088e-05	1.543198e-05	1.481771e-05	1.562914e-05
4.205792e-06	4.875417e-06	6.730276e-06	8.528317e-06	9.245319e-06	1.082927e-05	1.315268e-05	1.605944e-05	1.901032e-05	1.811325e-05	1.753382e-05
5.143234e-06	4.962193e-06	6.806308e-06	8.201726e-06	1.017576e-05	1.179178e-05	1.404991e-05	1.464302e-05	1.669569e-05	1.812888e-05	1.871906e-05
4.937447e-06	5.752947e-06	6.008228e-06	7.878717e-06	1.109155e-05	1.301072e-05	1.394132e-05	1.531265e-05	1.894291e-05	2.121749e-05	2.096547e-05
