1.318576e-07	8.399120e-08	6.587731e-08	5.397256e-08	3.913551e-08	2.781498e-08	1.730774e-08	9.645354e-09	4.918393e-09	1.419116e-09	3.908795e-10
1.366112e-07	8.946056e-08	7.231446e-08	5.768104e-08	4.322389e-08	2.857079e-08	1.815935e-08	1.032033e-08	5.155464e-09	1.819924e-09	6.978002e-10
1.418849e-07	9.826754e-08	7.691601e-08	6.056699e-08	4.536258e-08	3.048077e-08	2.010957e-08	1.109408e-08	5.504364e-09	2.127019e-09	6.446726e-10
1.485572e-07	1.033497e-07	8.314865e-08	6.515513e-08	4.800328e-08	3.382693e-08	2.181174e-08	1.257678e-08	5.755719e-09	1.967810e-09	5.589717e-10
1.547251e-07	1.098662e-07	8.998016e-08	7.074938e-08	5.025746e-08	3.446411e-08	2.271439e-08	1.206466e-08	6.430700e-09	2.505879e-09	6.213313e-10
1.576903e-07	1.185558e-07	9.686288e-08	7.445315e-08	5.419326e-08	3.809003e-08	2.337683e-08	1.370447e-08	6.121864e-09	2.485848e-09	6.063511e-10
1.663783e-07	1.215506e-07	1.023458e-07	7.712242e-08	5.648958e-08	4.019353e-08	2.599070e-08	1.505722e-08	6.865824e-09	2.422443e-09	7.965651e-10
1.765178e-07	1.290712e-07	1.088070e-07	8.310319e-08	5.968508e-08	4.153322e-08	2.708165e-08	1.612727e-08	7.360171e-09	2.832309e-09	8.500411e-10
1.804444e-07	1.361156e-07	1.130724e-07	8.945429e-08	6.409885e-08	4.412846e-08	2.844746e-08	1.651205e-08	7.618668e-09	2.941526e-09	7.629467e-10
1.913354e-07	1.430807e-07	1.191944e-07	9.516663e-08	6.840549e-08	4.843719e-08	2.995106e-08	1.641537e-08	8.549881e-09	3.043774e-09	9.684895e-10
1.981407e-07	1.471487e-07	1.314594e-07	1.034488e-07	7.245625e-08	5.071680e-08	3.217493e-08	1.881813e-08	9.727048e-09	3.212563e-09	1.024230e-09
2.061731e-07	1.612868e-07	1.452555e-07	1.136481e-07	8.261842e-08	5.610585e-08	3.512342e-08	2.056473e-08	9.465940e-09	3.861242e-09	7.873331e-10
2.091808e-07	1.742304e-07	1.656070e-07	1.285858e-07	9.539151e-08	6.650613e-08	4.182063e-08	2.297114e-08	1.169921e-08	4.367435e-09	1.211309e-09
2.090176e-07	1.820067e-07	1.847047e-07	1.553443e-07	1.129105e-07	7.710726e-08	4.919979e-08	2.896376e-08	1.389068e-08	4.161543e-09	1.297184e-09
2.050952e-07	1.915622e-07	2.072510e-07	1.766960e-07	1.340584e-07	9.429638e-08	6.119913e-08	3.273982e-08	1.658782e-08	6.120296e-09	1.780035e-09
1.966990e-07	1.963020e-07	2.134110e-07	1.968962e-07	1.536463e-07	1.074055e-07	6.928392e-08	4.010957e-08	1.737097e-08	7.057780e-09	2.244074e-09
1.849562e-07	1.998508e-07	2.283290e-07	2.143391e-07	1.690861e-07	1.238519e-07	7.720516e-08	4.414605e-08	2.138393e-08	8.369595e-09	1.998816e-09
1.736012e-07	2.028841e-07	2.319900e-07	2.291399e-07	1.915576e-07	1.375142e-07	8.981033e-08	4.958614e-08	2.374350e-08	9.670960e-09	2.319846e-09
1.615122e-07	1.980808e-07	2.463602e-07	2.433255e-07	2.126958e-07	1.571421e-07	1.026550e-07	5.922226e-08	2.741034e-08	1.054364e-08	3.132436e-09
1.490432e-07	1.961287e-07	2.423302e-07	2.571960e-07	2.252104e-07	1.719109e-07	1.147944e-07	6.537826e-08	3.026373e-08	1.162396e-08	3.584979e-09
1.385969e-07	1.921988e-07	2.408369e-07	2.619922e-07	2.353044e-07	1.857901e-07	1.226095e-07	7.237404e-08	3.470345e-08	1.268460e-08	3.627655e-09
1.262027e-07	1.863522e-07	2.415151e-07	2.595526e-07	2.408673e-07	1.959582e-07	1.352603e-07	7.706371e-08	3.710621e-08	1.437702e-08	3.686531e-09
1.181312e-07	1.794461e-07	2.394771e-07	2.646483e-07	2.517108e-07	2.043119e-07	1.420556e-07	8.074711e-08	3.956715e-08	1.467505e-08	3.937711e-09
1.119243e-07	1.696686e-07	2.308447e-07	2.608367e-07	2.534157e-07	2.074349e-07	1.459477e-07	8.526330e-08	4.161648e-08	1.662841e-08	4.700135e-09
1.005417e-07	1.643553e-07	2.351433e-07	2.662470e-07	2.712420e-07	2.202674e-07	1.570144e-07	9.483550e-08	4.731837e-08	1.750632e-08	4.974482e-09
9.806252e-08	1.628426e-07	2.270561e-07	2.648664e-07	2.656425e-07	2.272217e-07	1.638496e-07	9.784635e-08	4.629484e-08	1.718111e-08	4.551726e-09
9.039734e-08	1.546336e-07	2.190525e-07	2.628348e-07	2.675609e-07	2.263628e-07	1.636791e-07	1.027400e-07	4.925222e-08	1.973802e-08	5.138046e-09
8.568466e-08	1.456869e-07	2.122960e-07	2.549975e-07	2.627346e-07	2.295938e-07	1.709746e-07	1.045352e-07	5.348100e-08	1.967096e-08	5.419186e-09
8.028499e-08	1.413784e-07	2.042741e-07	2.493912e-07	2.595702e-07	2.335892e-07	1.710241e-07	1.069383e-07	5.310161e-08	2.141093e-08	5.608181e-09
7.551170e-08	1.301815e-07	1.943649e-07	2.412678e-07	2.545441e-07	2.303206e-07	1.777016e-07	1.097103e-07	5.446882e-08	2.197896e-08	5.833407e-09
7.343885e-08	1.242443e-07	1.914232e-07	2.373696e-07	2.526538e-07	2.309393e-07	1.787689e-07	1.115137e-07	5.876414e-08	2.174572e-08	6.096084e-09
6.703602e-08	1.214890e-07	1.838745e-07	2.269110e-07	2.459737e-07	2.299199e-07	1.807205e-07	1.139858e-07	5.844294e-08	2.417583e-08	5.617935e-09
6.567595e-08	1.129185e-07	1.772121e-07	2.202134e-07	2.448963e-07	2.296989e-07	1.799039e-07	1.166361e-07	6.010574e-08	2.437615e-08	6.253202e-09
6.387345e-08	1.104001e-07	1.678826e-07	2.157784e-07	2.369387e-07	2.227245e-07	1.774391e-07	1.186797e-07	6.370727e-08	2.520825e-08	7.184241e-09
6.085371e-08	1.057841e-07	1.588366e-07	2.058463e-07	2.315371e-07	2.207356e-07	1.788070e-07	1.207006e-07	6.458292e-08	2.577871e-08	7.003781e-09
5.741993e-08	9.812314e-08	1.530658e-07	2.008854e-07	2.309241e-07	2.174187e-07	1.823979e-07	1.212007e-07	6.629171e-08	2.644777e-08	7.072934e-09
5.303525e-08	9.570313e-08	1.467110e-07	1.964391e-07	2.224336e-07	2.227512e-07	1.838292e-07	1.244018e-07	6.610237e-08	2.677595e-08	7.477923e-09
5.254769e-08	9.198995e-08	1.406644e-07	1.907605e-07	2.178267e-07	2.162348e-07	1.801263e-07	1.238494e-07	6.764829e-08	2.728057e-08	7.781011e-09
4.878731e-08	8.654690e-08	1.386527e-07	1.847937e-07	2.135408e-07	2.163736e-07	1.821082e-07	1.249749e-07	6.942659e-08	2.818635e-08	7.837274e-09
4.805258e-08	8.496771e-08	1.305982e-07	1.777011e-07	2.073681e-07	2.080761e-07	1.819565e-07	1.274663e-07	7.332475e-08	2.943790e-08	7.964084e-09
4.557579e-08	8.062187e-08	1.291155e-07	1.732739e-07	2.064186e-07	2.121786e-07	1.817729e-07	1.304351e-07	7.337005e-08	3.106395e-08	8.367853e-09
4.310631e-08	7.757043e-08	1.227700e-07	1.661525e-07	1.980399e-07	2.039242e-07	1.812119e-07	1.341100e-07	7.554584e-08	3.151945e-08	8.881885e-09
4.055968e-08	7.531712e-08	1.201962e-07	1.605806e-07	1.947348e-07	2.042813e-07	1.807645e-07	1.354628e-07	7.844277e-08	3.474107e-08	9.502519e-09
4.157816e-08	7.174539e-08	1.130126e-07	1.579064e-07	1.943278e-07	2.011518e-07	1.820090e-07	1.401746e-07	8.071175e-08	3.633664e-08	9.966557e-09
3.746364e-08	6.913082e-08	1.121610e-07	1.537820e-07	1.895262e-07	2.013140e-07	1.830184e-07	1.438616e-07	8.573187e-08	3.994287e-08	1.218659e-08
3.590047e-08	6.574214e-08	1.042871e-07	1.433929e-07	1.835730e-07	1.994047e-07	1.929776e-07	1.535779e-07	9.438993e-08	4.468481e-08	1.295860e-08
3.461880e-08	6.139892e-08	9.892789e-08	1.384121e-07	1.830678e-07	2.022906e-07	1.960296e-07	1.620274e-07	1.043859e-07	5.182743e-08	1.482242e-08
3.357767e-08	5.778973e-08	9.435438e-08	1.327890e-07	1.725322e-07	1.940879e-07	1.961590e-07	1.695487e-07	1.170047e-07	6.230767e-08	2.074936e-08
2.867269e-08	5.409292e-08	8.782754e-08	1.247141e-07	1.634056e-07	1.894465e-07	1.963646e-07	1.765971e-07	1.319546e-07	7.521941e-08	2.853334e-08
2.530214e-08	4.703549e-08	7.859187e-08	1.097718e-07	1.477387e-07	1.782975e-07	1.852004e-07	1.773954e-07	1.427430e-07	8.973665e-08	3.953492e-08
2.227456e-08	3.989549e-08	6.617814e-08	9.786464e-08	1.302491e-07	1.595050e-07	1.777072e-07	1.734347e-07	1.495454e-07	1.041480e-07	5.320073e-08
1.846018e-08	3.309830e-08	5.252453e-08	8.076453e-08	1.122497e-07	1.347768e-07	1.578885e-07	1.625270e-07	1.457892e-07	1.120427e-07	6.386718e-08
1.348186e-08	2.548852e-08	4.294502e-08	6.368358e-08	8.662111e-08	1.071000e-07	1.270867e-07	1.365401e-07	1.309236e-07	1.110520e-07	6.867357e-08
1.045707e-08	1.848056e-08	3.222196e-08	4.640545e-08	6.555367e-08	8.342753e-08	9.794338e-08	1.095058e-07	1.073497e-07	9.516872e-08	6.267503e-08
7.961123e-09	1.450748e-08	2.264506e-08	3.551186e-08	4.983714e-08	6.283284e-08	7.343885e-08	8.285218e-08	8.567700e-08	7.498668e-08	5.308855e-08
4.925187e-09	9.452004e-09	1.365117e-08	2.144542e-08	3.003537e-08	3.768312e-08	4.541623e-08	5.268374e-08	5.886587e-08	5.582523e-08	4.155273e-08
4.240625e-09	7.384035e-09	1.196729e-08	1.516627e-08	2.354945e-08	2.891133e-08	3.298003e-08	3.816998e-08	4.125887e-08	4.091380e-08	3.066367e-08
2.958944e-09	5.735164e-09	9.309169e-09	1.153008e-08	1.627184e-08	1.960355e-08	2.355136e-08	2.718686e-08	2.871083e-08	2.787908e-08	2.266318e-08
2.561968e-09	4.776604e-09	6.523891e-09	7.518509e-09	1.067951e-08	1.275602e-08	1.546378e-08	1.715620e-08	1.888276e-08	1.906862e-08	1.606839e-08
2.704106e-09	3.280671e-09	5.883225e-09	7.357558e-09	9.210230e-09	1.089951e-08	1.315630e-08	1.439687e-08	1.419743e-08	1.542407e-08	1.362417e-08
1.801460e-09	3.650648e-09	3.904963e-09	6.245363e-09	7.162293e-09	8.095073e-09	1.255535e-08	1.281507e-08	1.351774e-08	1.382257e-08	1.178840e-08
2.478706e-09	2.855476e-09	3.198976e-09	4.755179e-09	6.767581e-09	7.568675e-09	9.290879e-09	1.141755e-08	1.091624e-08	1.125852e-08	1.144525e-08
1.798499e-09	2.106987e-09	3.308715e-09	3.962794e-09	6.076749e-09	6.792664e-09	8.072778e-09	9.661554e-09	1.127088e-08	9.967081e-09	1.131304e-08
2.523821e-09	2.200875e-09	3.472627e-09	4.885646e-09	6.073439e-09	7.216292e-09	8.412968e-09	1.074518e-08	1.093557e-08	1.248498e-08	1.241339e-08
2.722396e-09	3.754290e-09	4.826074e-09	6.100090e-09	6.554374e-09	9.067569e-09	9.606336e-09	1.192618e-08	1.275497e-08	1.335279e-08	1.183839e-08
2.850251e-09	3.797489e-09	5.985474e-09	8.122596e-09	8.547094e-09	8.945986e-09	1.117734e-08	1.211936e-08	1.404815e-08	1.510042e-08	1.520598e-08
5.113659e-09	6.402308e-09	6.088419e-09	9.236881e-09	1.057291e-08	1.136320e-08	1.366459e-08	1.516156e-08	1.651083e-08	1.585362e-08	1.672177e-08
4.499818e-09	5.216256e-09	7.200788e-09	9.124530e-09	9.891657e-09	1.158634e-08	1.407219e-08	1.718215e-08	2.033932e-08	1.937954e-08	1.875961e-08
5.502796e-09	5.309099e-09	7.282135e-09	8.775107e-09	1.088715e-08	1.261614e-08	1.503214e-08	1.566671e-08	1.786288e-08	1.939627e-08	2.002770e-08
5.282622e-09	6.155134e-09	6.428262e-09	8.429516e-09	1.186696e-08	1.392029e-08	1.491596e-08	1.638315e-08	2.026721e-08	2.270080e-08	2.243116e-08
