6.849003e+00	4.362707e+00	3.421828e+00	2.803466e+00	2.032793e+00	1.444778e+00	8.990061e-01	5.010031e-01	2.554733e-01	7.371231e-02	2.030323e-02
7.095916e+00	4.646799e+00	3.756189e+00	2.996093e+00	2.245154e+00	1.484036e+00	9.432407e-01	5.360632e-01	2.677873e-01	9.453127e-02	3.624543e-02
7.369847e+00	5.104255e+00	3.995204e+00	3.145997e+00	2.356243e+00	1.583245e+00	1.044540e+00	5.762535e-01	2.859101e-01	1.104825e-01	3.348586e-02
7.716423e+00	5.368232e+00	4.318943e+00	3.384316e+00	2.493407e+00	1.757053e+00	1.132955e+00	6.532683e-01	2.989660e-01	1.022128e-01	2.903435e-02
8.036796e+00	5.706719e+00	4.673788e+00	3.674894e+00	2.610495e+00	1.790150e+00	1.179840e+00	6.266678e-01	3.340262e-01	1.301615e-01	3.227346e-02
8.190817e+00	6.158077e+00	5.031293e+00	3.867277e+00	2.814929e+00	1.978489e+00	1.214249e+00	7.118436e-01	3.179845e-01	1.291210e-01	3.149535e-02
8.642093e+00	6.313636e+00	5.316090e+00	4.005926e+00	2.934206e+00	2.087750e+00	1.350020e+00	7.821087e-01	3.566276e-01	1.258276e-01	4.137553e-02
9.168765e+00	6.704274e+00	5.651700e+00	4.316581e+00	3.100188e+00	2.157336e+00	1.406686e+00	8.376893e-01	3.823052e-01	1.471170e-01	4.415320e-02
9.372720e+00	7.070175e+00	5.873253e+00	4.646473e+00	3.329450e+00	2.292139e+00	1.477630e+00	8.576759e-01	3.957321e-01	1.527900e-01	3.962931e-02
9.938423e+00	7.431961e+00	6.191247e+00	4.943186e+00	3.553147e+00	2.515945e+00	1.555731e+00	8.526543e-01	4.441016e-01	1.581010e-01	5.030569e-02
1.029191e+01	7.643263e+00	6.828319e+00	5.373381e+00	3.763554e+00	2.634354e+00	1.671244e+00	9.774596e-01	5.052465e-01	1.668683e-01	5.320098e-02
1.070913e+01	8.377626e+00	7.544922e+00	5.903156e+00	4.291402e+00	2.914274e+00	1.824396e+00	1.068182e+00	4.916839e-01	2.005623e-01	4.089600e-02
1.086536e+01	9.049949e+00	8.602030e+00	6.679058e+00	4.954867e+00	3.454490e+00	2.172265e+00	1.193177e+00	6.076856e-01	2.268552e-01	6.291831e-02
1.085688e+01	9.453870e+00	9.594010e+00	8.068961e+00	5.864847e+00	4.005138e+00	2.555556e+00	1.504448e+00	7.215157e-01	2.161607e-01	6.737886e-02
1.065314e+01	9.950204e+00	1.076512e+01	9.178020e+00	6.963321e+00	4.897983e+00	3.178831e+00	1.700586e+00	8.616116e-01	3.179030e-01	9.245933e-02
1.021702e+01	1.019640e+01	1.108509e+01	1.022726e+01	7.980763e+00	5.578901e+00	3.598775e+00	2.083389e+00	9.022905e-01	3.665982e-01	1.165626e-01
9.607075e+00	1.038073e+01	1.185996e+01	1.113329e+01	8.782741e+00	6.433166e+00	4.010223e+00	2.293053e+00	1.110733e+00	4.347371e-01	1.038233e-01
9.017269e+00	1.053829e+01	1.205012e+01	1.190208e+01	9.949968e+00	7.142820e+00	4.664967e+00	2.575624e+00	1.233295e+00	5.023331e-01	1.204984e-01
8.389334e+00	1.028880e+01	1.279655e+01	1.263892e+01	1.104794e+01	8.162343e+00	5.332150e+00	3.076148e+00	1.423760e+00	5.476625e-01	1.627063e-01
7.741666e+00	1.018740e+01	1.258722e+01	1.335938e+01	1.169797e+01	8.929469e+00	5.962700e+00	3.395906e+00	1.571971e+00	6.037769e-01	1.862125e-01
7.199061e+00	9.983273e+00	1.250965e+01	1.360851e+01	1.222228e+01	9.650388e+00	6.368638e+00	3.759283e+00	1.802581e+00	6.588688e-01	1.884292e-01
6.555275e+00	9.679584e+00	1.254488e+01	1.348179e+01	1.251123e+01	1.017854e+01	7.025751e+00	4.002876e+00	1.927387e+00	7.467771e-01	1.914874e-01
6.136019e+00	9.320866e+00	1.243902e+01	1.374647e+01	1.307447e+01	1.061246e+01	7.378714e+00	4.194201e+00	2.055214e+00	7.622579e-01	2.045343e-01
5.813619e+00	8.812997e+00	1.199063e+01	1.354849e+01	1.316303e+01	1.077467e+01	7.580878e+00	4.428783e+00	2.161661e+00	8.637198e-01	2.441364e-01
5.222382e+00	8.537012e+00	1.221392e+01	1.382951e+01	1.408897e+01	1.144122e+01	8.155711e+00	4.925986e+00	2.457831e+00	9.093207e-01	2.583867e-01
5.093605e+00	8.458441e+00	1.179384e+01	1.375780e+01	1.379812e+01	1.180245e+01	8.510746e+00	5.082377e+00	2.404666e+00	8.924285e-01	2.364277e-01
4.695458e+00	8.032046e+00	1.137812e+01	1.365228e+01	1.389776e+01	1.175783e+01	8.501889e+00	5.336565e+00	2.558280e+00	1.025241e+00	2.668826e-01
4.450670e+00	7.567333e+00	1.102717e+01	1.324519e+01	1.364708e+01	1.192566e+01	8.880837e+00	5.429812e+00	2.777933e+00	1.021757e+00	2.814857e-01
4.170197e+00	7.343536e+00	1.061049e+01	1.295399e+01	1.348270e+01	1.213319e+01	8.883406e+00	5.554635e+00	2.758227e+00	1.112136e+00	2.913025e-01
3.922261e+00	6.761945e+00	1.009578e+01	1.253203e+01	1.322164e+01	1.196341e+01	9.230253e+00	5.698622e+00	2.829243e+00	1.141641e+00	3.030013e-01
3.814592e+00	6.453551e+00	9.942984e+00	1.232955e+01	1.312345e+01	1.199555e+01	9.285689e+00	5.792293e+00	3.052352e+00	1.129526e+00	3.166454e-01
3.482013e+00	6.310433e+00	9.550889e+00	1.178631e+01	1.277647e+01	1.194260e+01	9.387061e+00	5.920699e+00	3.035668e+00	1.255751e+00	2.918092e-01
3.411368e+00	5.865264e+00	9.204829e+00	1.143842e+01	1.272051e+01	1.193112e+01	9.344644e+00	6.058361e+00	3.122038e+00	1.266156e+00	3.248065e-01
3.317742e+00	5.734451e+00	8.720229e+00	1.120805e+01	1.230717e+01	1.156885e+01	9.216618e+00	6.164511e+00	3.309110e+00	1.309378e+00	3.731669e-01
3.160889e+00	5.494685e+00	8.250360e+00	1.069216e+01	1.202660e+01	1.146554e+01	9.287670e+00	6.269483e+00	3.354594e+00	1.339009e+00	3.637934e-01
2.982531e+00	5.096754e+00	7.950607e+00	1.043448e+01	1.199476e+01	1.129326e+01	9.474190e+00	6.295459e+00	3.443352e+00	1.373762e+00	3.673854e-01
2.754779e+00	4.971053e+00	7.620525e+00	1.020352e+01	1.155374e+01	1.157024e+01	9.548536e+00	6.461730e+00	3.433517e+00	1.390808e+00	3.884215e-01
2.729455e+00	4.778181e+00	7.306450e+00	9.908565e+00	1.131445e+01	1.123176e+01	9.356198e+00	6.433039e+00	3.513816e+00	1.417019e+00	4.041646e-01
2.534131e+00	4.495456e+00	7.201956e+00	9.598634e+00	1.109183e+01	1.123897e+01	9.459144e+00	6.491498e+00	3.606185e+00	1.464068e+00	4.070870e-01
2.495968e+00	4.413429e+00	6.783587e+00	9.230226e+00	1.077120e+01	1.080798e+01	9.451263e+00	6.620908e+00	3.808666e+00	1.529076e+00	4.136739e-01
2.367317e+00	4.187696e+00	6.706572e+00	9.000267e+00	1.072188e+01	1.102107e+01	9.441727e+00	6.775118e+00	3.811018e+00	1.613537e+00	4.346466e-01
2.239047e+00	4.029197e+00	6.376971e+00	8.630367e+00	1.028667e+01	1.059232e+01	9.412585e+00	6.966000e+00	3.924034e+00	1.637197e+00	4.613467e-01
2.106768e+00	3.912154e+00	6.243281e+00	8.340946e+00	1.011500e+01	1.061086e+01	9.389349e+00	7.036264e+00	4.074508e+00	1.804536e+00	4.935839e-01
2.159670e+00	3.726630e+00	5.870150e+00	8.202044e+00	1.009386e+01	1.044831e+01	9.453987e+00	7.281007e+00	4.192364e+00	1.887413e+00	5.176872e-01
1.945953e+00	3.590822e+00	5.825915e+00	7.987811e+00	9.844453e+00	1.045674e+01	9.506419e+00	7.472522e+00	4.453122e+00	2.074730e+00	6.330013e-01
1.864758e+00	3.414807e+00	5.416928e+00	7.448174e+00	9.535226e+00	1.035756e+01	1.002373e+01	7.977207e+00	4.902842e+00	2.321038e+00	6.731010e-01
1.798184e+00	3.189209e+00	5.138555e+00	7.189462e+00	9.508988e+00	1.050747e+01	1.018225e+01	8.416097e+00	5.422058e+00	2.692042e+00	7.699123e-01
1.744106e+00	3.001739e+00	4.900996e+00	6.897381e+00	8.961742e+00	1.008140e+01	1.018898e+01	8.806772e+00	6.077507e+00	3.236411e+00	1.077772e+00
1.489329e+00	2.809718e+00	4.561976e+00	6.477953e+00	8.487683e+00	9.840310e+00	1.019965e+01	9.172881e+00	6.854042e+00	3.907079e+00	1.482091e+00
1.314254e+00	2.443138e+00	4.082253e+00	5.701815e+00	7.673907e+00	9.261206e+00	9.619760e+00	9.214347e+00	7.414417e+00	4.661139e+00	2.053540e+00
1.156995e+00	2.072269e+00	3.437453e+00	5.083327e+00	6.765455e+00	8.285076e+00	9.230543e+00	9.008619e+00	7.767751e+00	5.409699e+00	2.763375e+00
9.588664e-01	1.719206e+00	2.728251e+00	4.195106e+00	5.830521e+00	7.000634e+00	8.201113e+00	8.442046e+00	7.572644e+00	5.819772e+00	3.317416e+00
7.002806e-01	1.323935e+00	2.230668e+00	3.307880e+00	4.499311e+00	5.563032e+00	6.601192e+00	7.092225e+00	6.800488e+00	5.768308e+00	3.567072e+00
5.431658e-01	9.599249e-01	1.673687e+00	2.410412e+00	3.405017e+00	4.333428e+00	5.087417e+00	5.687999e+00	5.576006e+00	4.943295e+00	3.255493e+00
4.135201e-01	7.535539e-01	1.176239e+00	1.844572e+00	2.588662e+00	3.263690e+00	3.814592e+00	4.303544e+00	4.450271e+00	3.894990e+00	2.757548e+00
2.558262e-01	4.909601e-01	7.090750e-01	1.113927e+00	1.560110e+00	1.957353e+00	2.359029e+00	2.736521e+00	3.057636e+00	2.899698e+00	2.158349e+00
2.202684e-01	3.835447e-01	6.216101e-01	7.877727e-01	1.223216e+00	1.501724e+00	1.713063e+00	1.982642e+00	2.143086e+00	2.125162e+00	1.592745e+00
1.536948e-01	2.978984e-01	4.835408e-01	5.989001e-01	8.451990e-01	1.018256e+00	1.223315e+00	1.412151e+00	1.491310e+00	1.448107e+00	1.177180e+00
1.330748e-01	2.481084e-01	3.388667e-01	3.905296e-01	5.547198e-01	6.625785e-01	8.032263e-01	8.911346e-01	9.808162e-01	9.904702e-01	8.346312e-01
1.404578e-01	1.704060e-01	3.055890e-01	3.821694e-01	4.784017e-01	5.661471e-01	6.833703e-01	7.478086e-01	7.374489e-01	8.011634e-01	7.076726e-01
9.357221e-02	1.896235e-01	2.028333e-01	3.243993e-01	3.720269e-01	4.204778e-01	6.521554e-01	6.656456e-01	7.021444e-01	7.179781e-01	6.123180e-01
1.287500e-01	1.483204e-01	1.661626e-01	2.469955e-01	3.515246e-01	3.931354e-01	4.825908e-01	5.930553e-01	5.670158e-01	5.847946e-01	5.944938e-01
9.341840e-02	1.094420e-01	1.718627e-01	2.058371e-01	3.156411e-01	3.528275e-01	4.193197e-01	5.018445e-01	5.854370e-01	5.177144e-01	5.876266e-01
1.310934e-01	1.143188e-01	1.803767e-01	2.537723e-01	3.154692e-01	3.748317e-01	4.369900e-01	5.581308e-01	5.680201e-01	6.485001e-01	6.447815e-01
1.414079e-01	1.950069e-01	2.506780e-01	3.168535e-01	3.404501e-01	4.709915e-01	4.989764e-01	6.194748e-01	6.625242e-01	6.935762e-01	6.149147e-01
1.480489e-01	1.972508e-01	3.109000e-01	4.219073e-01	4.439568e-01	4.646762e-01	5.805783e-01	6.295088e-01	7.296949e-01	7.843526e-01	7.898356e-01
2.656159e-01	3.325514e-01	3.162473e-01	4.797860e-01	5.491826e-01	5.902323e-01	7.097717e-01	7.875284e-01	8.576125e-01	8.234753e-01	8.685694e-01
2.337315e-01	2.709450e-01	3.740264e-01	4.739502e-01	5.137967e-01	6.018226e-01	7.309435e-01	8.924827e-01	1.056474e+00	1.006621e+00	9.744195e-01
2.858286e-01	2.757675e-01	3.782518e-01	4.558004e-01	5.655048e-01	6.553131e-01	7.808059e-01	8.137670e-01	9.278415e-01	1.007489e+00	1.040287e+00
2.743922e-01	3.197126e-01	3.338995e-01	4.378495e-01	6.163985e-01	7.230538e-01	7.747710e-01	8.509805e-01	1.052728e+00	1.179135e+00	1.165129e+00
