7.240717e+00	4.948132e+00	4.049726e+00	3.128830e+00	2.214405e+00	1.521432e+00	8.926562e-01	4.657243e-01	2.175629e-01	7.131315e-02	2.148014e-02
7.495751e+00	5.201068e+00	4.173821e+00	3.163602e+00	2.289103e+00	1.536516e+00	9.276323e-01	4.958804e-01	2.048438e-01	9.161947e-02	1.634260e-02
7.623997e+00	5.448413e+00	4.330436e+00	3.303263e+00	2.366478e+00	1.543440e+00	9.858861e-01	5.355121e-01	2.313765e-01	7.029244e-02	1.667149e-02
7.778225e+00	5.595462e+00	4.607466e+00	3.404738e+00	2.434139e+00	1.648368e+00	9.997847e-01	5.194190e-01	2.255131e-01	7.744303e-02	2.104917e-02
7.905149e+00	5.743232e+00	4.591963e+00	3.480741e+00	2.473595e+00	1.685573e+00	1.020862e+00	5.491498e-01	2.328678e-01	9.400111e-02	1.815718e-02
8.134683e+00	5.926692e+00	4.751261e+00	3.670166e+00	2.663860e+00	1.778649e+00	1.062388e+00	5.802925e-01	2.346200e-01	9.533370e-02	2.133270e-02
8.426684e+00	6.341313e+00	4.955957e+00	3.904644e+00	2.682238e+00	1.874454e+00	1.076933e+00	5.937829e-01	2.579318e-01	9.340004e-02	2.217195e-02
8.875787e+00	6.550415e+00	5.351151e+00	4.040812e+00	2.814068e+00	1.875214e+00	1.160993e+00	6.428503e-01	2.702312e-01	1.000573e-01	1.734062e-02
9.378416e+00	6.821627e+00	5.647461e+00	4.236242e+00	2.992340e+00	2.054500e+00	1.273509e+00	6.537889e-01	2.605119e-01	1.000403e-01	2.814873e-02
9.811517e+00	7.278296e+00	6.292915e+00	4.653109e+00	3.267884e+00	2.285191e+00	1.365627e+00	7.312036e-01	3.191626e-01	1.039133e-01	2.049913e-02
1.047429e+01	7.838685e+00	6.843351e+00	5.247992e+00	3.662788e+00	2.536731e+00	1.505101e+00	8.398121e-01	3.346830e-01	1.143188e-01	2.774045e-02
1.077161e+01	8.238976e+00	7.636296e+00	5.930746e+00	4.155839e+00	2.820754e+00	1.687274e+00	9.263961e-01	4.036599e-01	1.344663e-01	2.772911e-02
1.089345e+01	8.943210e+00	8.154320e+00	6.540174e+00	4.674810e+00	3.165258e+00	1.899881e+00	1.002149e+00	4.431214e-01	1.362526e-01	4.242724e-02
1.078200e+01	9.400554e+00	8.974626e+00	7.326847e+00	5.246035e+00	3.535490e+00	2.207634e+00	1.108512e+00	5.108054e-01	1.623486e-01	3.586071e-02
1.074975e+01	9.848013e+00	1.009248e+01	8.671840e+00	6.260915e+00	4.255551e+00	2.574152e+00	1.365202e+00	5.905280e-01	2.128337e-01	3.923471e-02
1.024853e+01	1.014799e+01	1.124008e+01	9.993203e+00	7.588006e+00	5.311378e+00	3.267391e+00	1.660804e+00	7.518672e-01	2.440445e-01	5.582113e-02
9.474985e+00	1.019662e+01	1.186288e+01	1.138425e+01	9.056673e+00	6.443179e+00	3.988954e+00	2.118646e+00	9.257213e-01	3.244136e-01	7.599137e-02
8.879184e+00	1.034169e+01	1.214069e+01	1.188543e+01	9.881305e+00	7.072601e+00	4.379538e+00	2.368928e+00	1.029980e+00	3.294094e-01	7.111467e-02
8.415178e+00	1.007200e+01	1.242049e+01	1.285324e+01	1.079822e+01	7.925048e+00	5.128394e+00	2.763396e+00	1.174676e+00	4.083835e-01	8.240479e-02
7.649129e+00	9.786936e+00	1.254196e+01	1.307010e+01	1.153714e+01	8.749560e+00	5.534226e+00	2.982711e+00	1.322452e+00	4.681286e-01	9.946188e-02
7.061130e+00	9.659597e+00	1.257293e+01	1.347038e+01	1.200205e+01	9.173833e+00	6.126852e+00	3.327107e+00	1.469632e+00	5.053049e-01	1.113928e-01
6.470307e+00	9.343871e+00	1.227417e+01	1.359059e+01	1.238043e+01	9.841379e+00	6.458093e+00	3.537350e+00	1.578251e+00	5.493086e-01	1.222009e-01
5.940210e+00	9.095199e+00	1.199469e+01	1.347584e+01	1.266928e+01	9.998561e+00	6.824389e+00	3.799563e+00	1.656795e+00	5.647665e-01	1.397003e-01
5.633869e+00	8.572202e+00	1.187873e+01	1.350406e+01	1.267084e+01	1.039521e+01	7.074921e+00	3.972453e+00	1.855145e+00	6.088212e-01	1.473272e-01
5.276288e+00	8.446168e+00	1.211623e+01	1.375130e+01	1.333168e+01	1.104163e+01	7.584263e+00	4.251751e+00	1.907303e+00	6.497345e-01	1.539788e-01
4.812339e+00	8.110141e+00	1.158859e+01	1.375783e+01	1.350808e+01	1.114365e+01	7.873479e+00	4.463927e+00	2.024922e+00	7.196186e-01	1.487618e-01
4.630302e+00	7.668188e+00	1.120224e+01	1.331041e+01	1.335499e+01	1.119929e+01	8.078323e+00	4.675270e+00	2.135158e+00	7.319350e-01	1.773983e-01
4.303172e+00	7.361279e+00	1.063518e+01	1.288946e+01	1.321534e+01	1.129770e+01	8.203512e+00	4.800278e+00	2.251524e+00	7.870247e-01	1.745403e-01
4.044259e+00	7.113316e+00	1.038770e+01	1.262299e+01	1.297451e+01	1.123768e+01	8.301585e+00	4.931614e+00	2.271286e+00	8.064804e-01	1.675315e-01
3.824593e+00	6.624927e+00	9.914563e+00	1.202463e+01	1.277711e+01	1.127100e+01	8.374253e+00	5.089811e+00	2.353198e+00	8.447285e-01	1.940357e-01
3.735888e+00	6.473846e+00	9.505255e+00	1.177441e+01	1.239408e+01	1.139268e+01	8.525975e+00	5.157779e+00	2.422634e+00	9.025684e-01	1.955384e-01
3.504512e+00	5.994750e+00	9.033554e+00	1.147419e+01	1.217772e+01	1.119445e+01	8.522663e+00	5.188831e+00	2.592881e+00	8.785705e-01	2.076848e-01
3.309217e+00	5.706560e+00	8.610643e+00	1.114035e+01	1.217335e+01	1.099545e+01	8.684831e+00	5.295228e+00	2.534191e+00	9.500424e-01	2.106618e-01
3.186903e+00	5.450556e+00	8.324471e+00	1.066035e+01	1.180204e+01	1.103743e+01	8.592474e+00	5.436533e+00	2.638360e+00	9.756678e-01	2.054449e-01
2.998781e+00	5.276708e+00	7.931297e+00	1.011735e+01	1.150281e+01	1.099878e+01	8.594742e+00	5.446513e+00	2.664008e+00	1.020284e+00	2.329756e-01
2.811970e+00	4.987469e+00	7.623412e+00	9.913418e+00	1.128199e+01	1.067181e+01	8.620646e+00	5.523593e+00	2.804519e+00	1.009011e+00	2.216457e-01
2.800572e+00	4.739636e+00	7.358478e+00	9.429842e+00	1.091009e+01	1.045327e+01	8.577311e+00	5.571351e+00	2.857306e+00	1.102405e+00	2.326126e-01
2.536851e+00	4.499062e+00	7.121266e+00	9.203003e+00	1.067212e+01	1.026730e+01	8.563832e+00	5.573772e+00	2.926119e+00	1.065444e+00	2.455302e-01
2.476930e+00	4.293107e+00	6.770105e+00	8.912175e+00	1.041790e+01	1.021272e+01	8.624468e+00	5.696222e+00	2.932901e+00	1.091183e+00	2.791113e-01
2.290821e+00	4.205082e+00	6.578405e+00	8.703045e+00	1.014445e+01	9.956502e+00	8.306025e+00	5.830246e+00	3.045694e+00	1.157262e+00	2.747960e-01
2.261204e+00	3.995056e+00	6.230855e+00	8.357622e+00	9.990163e+00	9.910627e+00	8.477112e+00	5.835668e+00	3.134580e+00	1.211263e+00	2.688760e-01
2.085938e+00	3.749871e+00	5.941492e+00	8.187935e+00	9.593574e+00	9.938737e+00	8.513982e+00	5.948643e+00	3.242066e+00	1.223234e+00	2.898060e-01
1.995844e+00	3.662193e+00	5.856223e+00	7.887786e+00	9.517401e+00	9.646758e+00	8.527387e+00	6.035601e+00	3.383161e+00	1.331706e+00	3.298630e-01
1.913484e+00	3.339129e+00	5.610812e+00	7.475241e+00	9.087725e+00	9.595389e+00	8.526866e+00	6.121119e+00	3.489008e+00	1.410181e+00	3.555620e-01
1.811250e+00	3.289392e+00	5.228536e+00	7.328452e+00	8.981170e+00	9.357588e+00	8.672684e+00	6.441370e+00	3.781559e+00	1.549150e+00	3.777623e-01
1.715082e+00	3.140251e+00	4.965461e+00	6.902881e+00	8.748063e+00	9.356460e+00	8.659137e+00	6.738593e+00	4.029085e+00	1.773807e+00	4.923590e-01
1.564687e+00	2.891868e+00	4.647943e+00	6.662716e+00	8.441126e+00	9.244041e+00	8.796478e+00	7.131496e+00	4.506083e+00	2.064877e+00	5.883051e-01
1.483088e+00	2.735928e+00	4.391503e+00	6.155499e+00	7.980001e+00	8.898680e+00	8.797619e+00	7.392257e+00	4.945200e+00	2.473431e+00	7.745892e-01
1.316713e+00	2.444817e+00	3.969776e+00	5.580328e+00	7.370885e+00	8.398739e+00	8.701423e+00	7.602228e+00	5.509831e+00	2.954454e+00	1.018628e+00
1.129079e+00	2.077965e+00	3.405639e+00	5.008008e+00	6.687309e+00	7.691380e+00	8.175426e+00	7.666906e+00	5.807360e+00	3.604898e+00	1.480332e+00
9.387069e-01	1.754623e+00	2.914170e+00	4.148054e+00	5.651249e+00	6.803799e+00	7.394871e+00	7.157530e+00	6.077302e+00	4.166778e+00	1.939093e+00
7.463213e-01	1.349778e+00	2.331627e+00	3.372421e+00	4.493885e+00	5.601184e+00	6.373193e+00	6.542698e+00	5.809220e+00	4.409371e+00	2.385044e+00
5.862183e-01	1.017329e+00	1.735491e+00	2.645777e+00	3.603412e+00	4.418704e+00	4.933904e+00	5.332574e+00	5.060421e+00	4.182502e+00	2.465606e+00
4.160387e-01	7.654368e-01	1.257575e+00	1.877437e+00	2.480133e+00	3.192647e+00	3.757022e+00	4.114109e+00	3.952958e+00	3.469932e+00	2.190447e+00
3.191229e-01	5.422657e-01	9.283184e-01	1.362690e+00	1.827825e+00	2.391389e+00	2.749945e+00	3.066437e+00	2.987604e+00	2.615881e+00	1.832089e+00
1.893858e-01	3.561972e-01	5.546616e-01	8.128995e-01	1.111206e+00	1.387652e+00	1.617798e+00	1.879824e+00	1.990196e+00	1.897471e+00	1.401766e+00
1.957426e-01	3.037670e-01	4.556647e-01	6.186653e-01	8.326672e-01	1.057891e+00	1.212942e+00	1.394542e+00	1.467318e+00	1.382679e+00	1.021718e+00
1.308145e-01	2.294315e-01	3.730274e-01	4.573829e-01	6.014155e-01	7.372938e-01	8.148842e-01	9.704395e-01	9.636745e-01	1.036195e+00	7.980540e-01
1.221612e-01	2.012147e-01	2.864718e-01	3.645385e-01	4.415449e-01	5.182225e-01	6.348832e-01	6.689690e-01	7.095249e-01	6.918555e-01	5.488946e-01
1.135476e-01	1.738825e-01	2.332477e-01	2.990207e-01	3.896195e-01	4.382277e-01	4.847264e-01	5.772758e-01	6.008825e-01	5.872447e-01	4.857698e-01
1.135306e-01	1.450703e-01	1.641915e-01	2.587370e-01	3.376940e-01	3.967417e-01	4.215789e-01	5.087299e-01	5.818860e-01	5.195494e-01	4.619930e-01
9.663226e-02	1.362356e-01	1.736046e-01	2.033014e-01	2.920743e-01	3.345639e-01	3.546094e-01	4.840289e-01	4.560730e-01	5.299549e-01	4.898299e-01
9.912164e-02	1.388100e-01	1.625697e-01	1.770410e-01	2.631373e-01	2.961457e-01	3.536737e-01	4.060528e-01	4.547177e-01	4.568272e-01	4.450267e-01
1.333266e-01	1.175964e-01	1.750620e-01	2.428367e-01	2.843566e-01	3.460185e-01	3.793614e-01	4.253101e-01	5.184947e-01	4.861497e-01	4.741167e-01
1.347385e-01	1.538710e-01	2.356918e-01	2.505260e-01	4.128178e-01	3.816807e-01	4.527444e-01	5.172245e-01	5.099888e-01	5.458212e-01	5.331701e-01
1.620707e-01	2.242372e-01	2.300552e-01	2.711669e-01	3.841417e-01	4.146721e-01	5.323592e-01	5.734765e-01	6.250051e-01	6.846935e-01	5.997993e-01
1.919149e-01	2.602907e-01	3.555337e-01	4.237507e-01	4.429796e-01	4.887185e-01	5.988921e-01	6.527909e-01	7.190005e-01	7.197206e-01	7.556778e-01
2.522442e-01	3.360042e-01	3.539629e-01	4.207566e-01	4.769860e-01	5.462861e-01	6.642965e-01	6.339589e-01	7.606792e-01	8.543288e-01	7.672231e-01
1.946538e-01	3.447312e-01	3.239259e-01	4.263648e-01	5.307034e-01	6.388299e-01	6.354899e-01	7.359669e-01	7.884140e-01	8.916695e-01	8.758883e-01
2.300836e-01	3.429167e-01	3.465855e-01	4.061379e-01	4.903346e-01	5.893201e-01	7.285838e-01	7.385243e-01	8.198970e-01	9.142327e-01	9.998300e-01
